0.000000, 0.000000, 0.000000, 0.000000, 0.000000, 0.000000, 0.000000, 
-5.278040, -0.821321, -1.642642, 0.000000, 0.000000, 0.000000, 0.000000, 
-6.286593, -4.395166, -5.505048, -0.523883, -1.047766, 0.000000, 0.000000, 
-0.715570, -9.679448, -5.063516, -1.486574, -0.958640, -1.571648, -1.047766, 
-11.940090, -17.224089, -10.025765, -7.115067, -4.461029, -2.445214, -0.958640, 
-0.812862, -25.973806, -7.473671, -9.548538, -3.214652, -11.576096, -4.461029, 
-4.391836, -31.958113, -4.494942, -13.524809, -3.628246, -12.763190, -3.214652, 
2.372514, -37.070527, -5.729887, -12.904611, -1.495595, -17.153055, -3.628246, 
-25.355999, -45.659852, -11.448761, -32.246934, -10.015603, -14.400206, -1.495595, 
-20.519405, -58.311934, -13.855404, -50.391560, -13.773560, -42.262537, -10.015603, 
-15.647513, -73.641826, -16.804381, -65.646799, -14.444542, -64.165119, -13.773560, 
-7.482772, -91.956014, -19.823993, -74.511729, -11.951010, -80.091341, -14.444542, 
-25.126053, -111.058069, -18.380116, -97.113536, -16.670621, -86.462739, -11.951010, 
-14.304914, -129.911204, -19.326153, -111.861149, -15.823122, -113.784157, -16.670621, 
-32.013347, -151.028209, -22.907857, -140.891183, -21.623299, -127.684270, -15.823122, 
-19.125600, -173.078196, -21.192118, -160.472430, -20.728485, -162.514482, -21.623299, 
-25.866595, -194.103529, -20.858546, -185.407766, -22.569247, -181.200915, -20.728485, 
-22.461537, -217.928084, -26.790565, -207.888744, -22.530659, -207.977013, -22.569247, 
-25.146634, -243.798464, -24.950194, -232.564501, -23.467851, -230.419403, -22.530659, 
-21.993316, -269.727393, -26.907665, -254.822774, -22.939588, -256.032352, -23.467851, 
-34.989709, -296.355999, -26.349547, -287.649633, -27.256635, -277.762362, -22.939588, 
-41.035950, -320.837638, -22.613731, -326.214135, -32.193179, -314.906267, -27.256635, 
-14.367830, -343.401028, -22.513049, -343.777634, -25.807113, -358.407314, -32.193179, 
-14.204241, -366.221411, -23.127718, -360.061384, -21.650296, -369.584747, -25.807113, 
-31.680258, -392.108681, -28.646822, -389.944376, -25.243606, -381.711680, -21.650296, 
-23.285449, -423.710924, -34.557664, -413.580664, -24.542081, -415.187982, -25.243606, 
-32.557408, -459.783315, -37.587117, -444.702095, -27.413633, -438.122745, -24.542081, 
-44.909537, -497.572980, -37.992214, -486.477331, -33.681673, -472.115728, -27.413633, 
-39.314953, -534.750443, -36.362712, -524.783143, -35.699838, -520.159003, -33.681673, 
-29.279824, -569.555003, -33.246406, -555.213019, -33.399819, -560.482981, -35.699838, 
-31.443040, -606.015562, -39.674713, -587.006582, -32.698788, -588.612838, -33.399819, 
-51.559913, -645.169861, -38.633886, -635.187873, -39.455929, -619.705370, -32.698788, 
-36.646936, -683.288597, -37.603585, -672.337985, -38.449586, -674.643802, -39.455929, 
-41.443835, -724.829437, -45.478095, -713.245461, -39.522298, -710.787571, -38.449586, 
-41.768967, -769.329795, -43.522622, -754.611983, -40.327184, -752.767759, -39.522298, 
-34.697823, -810.826920, -39.471630, -790.318189, -38.310423, -794.939167, -40.327184, 
-21.232510, -849.733562, -38.341653, -814.609850, -32.192131, -828.628612, -38.310423, 
-34.948178, -888.916056, -40.023334, -849.064340, -33.179506, -846.801981, -32.192131, 
-36.557783, -930.740391, -43.625336, -885.016976, -34.389799, -882.243845, -33.179506, 
-53.628506, -976.081904, -47.057690, -935.199274, -41.282212, -919.406775, -34.389799, 
-53.222548, -1025.240042, -51.258586, -986.282963, -45.559927, -976.481485, -41.282212, 
-46.316906, -1077.735645, -53.732621, -1032.464272, -45.831121, -1031.842890, -45.559927, 
-50.829632, -1129.567204, -49.930496, -1082.398527, -47.621875, -1078.295393, -45.831121, 
-60.652962, -1182.530143, -55.995382, -1140.717246, -52.290361, -1130.020402, -47.621875, 
-54.241190, -1238.691998, -56.328327, -1194.608987, -52.989260, -1193.007607, -52.290361, 
-53.223817, -1295.433305, -57.154288, -1247.790788, -53.073292, -1247.598247, -52.989260, 
-43.881642, -1350.951412, -53.881925, -1293.318919, -49.780314, -1300.864079, -53.073292, 
-46.484098, -1404.403239, -53.021729, -1340.393464, -48.599420, -1343.099233, -49.780314, 
-58.217414, -1458.142845, -54.457484, -1396.888018, -52.045139, -1388.992884, -48.599420, 
-53.100245, -1511.838422, -52.933669, -1449.799263, -52.423139, -1448.933157, -52.045139, 
-61.976262, -1566.213636, -55.816760, -1510.064286, -55.845617, -1502.222402, -52.423139, 
-62.318623, -1620.162456, -52.080879, -1571.223407, -58.164621, -1565.909904, -55.845617, 
-43.932519, -1670.360516, -48.315241, -1617.705305, -53.065862, -1629.388028, -58.164621, 
-58.813596, -1722.996589, -56.956906, -1675.489317, -55.125032, -1670.771168, -53.065862, 
-58.978643, -1778.363626, -53.777168, -1733.777667, -56.505617, -1730.614348, -55.125032, 
-51.261489, -1831.987061, -53.469703, -1785.978531, -54.626868, -1790.283284, -56.505617, 
-50.272370, -1883.666324, -49.888824, -1837.030917, -53.066837, -1840.605399, -54.626868, 
-48.385404, -1936.531257, -55.841043, -1886.254900, -51.389678, -1890.097753, -53.066837, 
-55.552780, -1990.929015, -52.954473, -1941.061949, -52.881141, -1937.644578, -51.389678, 
-66.483140, -2045.318627, -55.824752, -2005.108579, -57.754160, -1993.943089, -52.881141, 
-50.744558, -2099.222817, -51.983627, -2057.108758, -55.242917, -2062.862738, -57.754160, 
-60.259268, -2153.486058, -56.542855, -2116.469453, -57.040062, -2112.351675, -55.242917, 
-58.198009, -2211.059884, -58.604798, -2174.460040, -57.454905, -2173.509515, -57.040062, 
-67.245959, -2271.453448, -62.182330, -2239.952140, -60.962625, -2231.914946, -57.454905, 
-70.935056, -2333.815671, -62.542117, -2309.100846, -64.535323, -2300.914764, -60.962625, 
-63.223218, -2397.817150, -65.460839, -2372.559100, -64.065252, -2373.636169, -64.535323, 
-62.065934, -2461.838634, -62.582130, -2434.983169, -63.348981, -2436.624351, -64.065252, 
-64.073585, -2525.290141, -64.320885, -2498.926956, -63.608576, -2498.332150, -63.348981, 
-57.967973, -2590.224311, -65.547456, -2557.905324, -61.587787, -2562.535532, -63.608576, 
-62.769004, -2657.254812, -68.513546, -2620.462738, -62.010967, -2619.493111, -61.587787, 
-73.556558, -2728.387169, -73.751167, -2691.951149, -66.147262, -2682.473706, -62.010967, 
-63.144516, -2801.126216, -71.726926, -2755.633543, -65.071506, -2758.098411, -66.147262, 
-73.476178, -2872.319236, -70.659115, -2827.604202, -68.082543, -2820.705049, -65.071506, 
-68.827589, -2942.543206, -69.788825, -2896.298332, -68.349462, -2895.686745, -68.082543, 
-58.771760, -3012.337539, -69.799841, -2956.785735, -64.918178, -2964.647794, -68.349462, 
-59.402121, -3084.293590, -74.112261, -3017.175940, -62.942009, -3021.703912, -64.918178, 
-74.909551, -3158.683075, -74.666710, -3089.941760, -67.229471, -3080.117949, -62.942009, 
-78.199547, -3232.598369, -73.163878, -3166.176251, -71.159584, -3157.171231, -67.229471, 
-83.658225, -3307.362764, -76.364912, -3247.595609, -75.637317, -3237.335835, -71.159584, 
-68.222692, -3383.794067, -76.497694, -3317.146474, -72.980971, -3323.232926, -75.637317, 
-90.714730, -3458.913694, -73.741562, -3404.684578, -79.334225, -3390.127446, -72.980971, 
-75.510797, -3534.496195, -77.423440, -3480.880261, -77.964453, -3484.018802, -79.334225, 
-77.325811, -3611.519561, -76.623291, -3558.320471, -77.735655, -3558.844713, -77.964453, 
-67.674441, -3686.259486, -72.856560, -3627.797165, -74.131149, -3636.056126, -77.735655, 
-68.062134, -3760.428340, -75.481149, -3696.946434, -71.956878, -3701.928314, -74.131149, 
-65.384935, -3836.082625, -75.827419, -3763.508594, -69.602430, -3768.903313, -71.956878, 
-79.313614, -3912.508003, -77.023337, -3841.082655, -73.081535, -3833.111024, -69.602430, 
-71.064670, -3988.999108, -75.958874, -3912.508604, -72.358978, -3914.164191, -73.081535, 
-80.001213, -4067.057826, -80.158561, -3991.140872, -75.096866, -3984.867581, -72.358978, 
-81.623727, -4146.957028, -79.639844, -4071.595451, -77.435164, -4066.237739, -75.096866, 
-82.613025, -4226.457662, -79.361423, -4153.280972, -79.290172, -4149.030614, -77.435164, 
-92.907951, -4306.859462, -81.442177, -4243.749587, -84.168844, -4232.571144, -79.290172, 
-84.494738, -4390.471409, -85.781718, -4328.185948, -84.285598, -4327.918431, -84.168844, 
-88.330156, -4475.634193, -84.543850, -4415.791608, -85.734592, -4412.471546, -84.285598, 
-80.427013, -4561.088020, -86.363803, -4497.169361, -83.833112, -4501.526200, -85.734592, 
-78.957979, -4646.454599, -84.369356, -4577.000616, -82.086558, -4581.002472, -83.833112, 
-76.486182, -4731.245831, -85.213108, -4654.489987, -80.080181, -4659.087174, -82.086558, 
-70.778745, -4812.884331, -78.063892, -4726.934887, -76.747871, -4734.570168, -80.080181, 
-75.867667, -4892.595438, -81.358323, -4802.960224, -76.432532, -4803.682759, -76.747871, 
-68.373999, -4971.482828, -76.416456, -4872.777738, -73.545501, -4879.392756, -76.432532, 
-57.368472, -5044.265232, -69.148354, -4933.043982, -67.749958, -4946.323240, -73.545501, 
